# Running on 108 processes
#
# iteration   maxtotalbytes avgtotalbytes   maxmaxbytes avgm avgfreebytes
0	 5.82773e+08 5.39711e+08	 5.86077e+08 5.42768e+08	 4.25499e+06 4.23024e+06	 1.12988e+08 6.62304e+07	 3.96162e+07 3.84323e+07
1024	 5.79524e+08 5.42305e+08	 6.43859e+08 6.01991e+08	 4.25388e+06 4.22849e+06	 4.05983e+08 3.50318e+08	 3.18998e+07 1.54942e+07
2048	 5.81198e+08 5.4431e+08	 6.45533e+08 6.04051e+08	 4.25484e+06 4.22836e+06	 4.07252e+08 3.53009e+08	 1.15961e+08 7.04258e+07
3072	 5.84595e+08 5.49976e+08	 7.58158e+08 7.11993e+08	 4.25508e+06 4.22785e+06	 5.74457e+08 5.26334e+08	 1.0821e+08 8.2085e+07
4096	 5.83898e+08 5.48404e+08	 7.61555e+08 7.18686e+08	 4.26074e+06 4.23031e+06	 5.82004e+08 5.24419e+08	 2.20036e+08 1.89016e+08
5120	 5.83878e+08 5.48979e+08	 7.61555e+08 7.18686e+08	 4.25582e+06 4.23019e+06	 5.73143e+08 5.27239e+08	 2.16437e+08 1.86427e+08
6144	 5.86503e+08 5.50512e+08	 7.61555e+08 7.18686e+08	 4.25566e+06 4.2287e+06	 5.7283e+08 5.28474e+08	 2.15743e+08 1.85192e+08
7168	 5.86808e+08 5.50906e+08	 7.62909e+08 7.22138e+08	 4.25622e+06 4.22894e+06	 5.7544e+08 5.2976e+08	 2.12728e+08 1.83716e+08
8192	 5.87484e+08 5.51738e+08	 7.62909e+08 7.22138e+08	 4.25726e+06 4.22766e+06	 5.86698e+08 5.33122e+08	 2.19987e+08 1.85161e+08
9216	 5.83597e+08 5.51661e+08	 7.66507e+08 7.24385e+08	 4.25954e+06 4.22855e+06	 5.7605e+08 5.34333e+08	 2.47688e+08 2.05164e+08
10240	 5.86361e+08 5.50847e+08	 7.66507e+08 7.24385e+08	 4.25601e+06 4.22904e+06	 5.75697e+08 5.36262e+08	 2.66795e+08 2.03021e+08
11264	 5.84656e+08 5.49687e+08	 7.66507e+08 7.24385e+08	 4.25649e+06 4.22996e+06	 5.7807e+08 5.36307e+08	 2.69266e+08 2.04161e+08
12288	 5.89656e+08 5.49794e+08	 7.66507e+08 7.24385e+08	 4.25721e+06 4.22925e+06	 5.81466e+08 5.3696e+08	 2.69486e+08 2.04417e+08
13312	 5.84896e+08 5.49372e+08	 7.66507e+08 7.24385e+08	 4.25756e+06 4.22962e+06	 5.77148e+08 5.36546e+08	 2.65916e+08 2.0646e+08
14336	 5.94838e+08 5.52385e+08	 7.66507e+08 7.24385e+08	 4.25778e+06 4.22887e+06	 5.75625e+08 5.39252e+08	 2.7119e+08 2.04431e+08
15360	 5.90457e+08 5.48632e+08	 7.66507e+08 7.24385e+08	 4.25698e+06 4.22831e+06	 5.81667e+08 5.35542e+08	 2.79894e+08 2.11059e+08
16384	 5.91651e+08 5.4629e+08	 7.66507e+08 7.24385e+08	 4.25522e+06 4.22793e+06	 5.71157e+08 5.33673e+08	 2.79498e+08 2.135e+08
17408	 5.87819e+08 5.48997e+08	 7.66507e+08 7.24385e+08	 4.25738e+06 4.2291e+06	 5.71293e+08 5.38257e+08	 2.7032e+08 2.1126e+08
18432	 5.88911e+08 5.52084e+08	 7.66507e+08 7.24385e+08	 4.2557e+06 4.22885e+06	 5.75912e+08 5.43317e+08	 2.75936e+08 2.07555e+08
19456	 5.85007e+08 5.49111e+08	 7.66507e+08 7.24385e+08	 4.2526e+06 4.22809e+06	 5.92692e+08 5.41482e+08	 2.56064e+08 2.11334e+08
20480	 5.86162e+08 5.48193e+08	 7.66507e+08 7.24385e+08	 4.25431e+06 4.22993e+06	 5.81473e+08 5.40743e+08	 2.60044e+08 2.13086e+08
21504	 5.9212e+08 5.48685e+08	 7.66507e+08 7.24385e+08	 4.25305e+06 4.22906e+06	 5.87557e+08 5.42456e+08	 2.63417e+08 2.12855e+08
22528	 5.85187e+08 5.49333e+08	 7.66507e+08 7.24385e+08	 4.25335e+06 4.2281e+06	 5.85672e+08 5.42368e+08	 2.58965e+08 2.14709e+08
23552	 5.81505e+08 5.48921e+08	 7.66507e+08 7.24385e+08	 4.25382e+06 4.22797e+06	 5.87404e+08 5.41263e+08	 2.61811e+08 2.15879e+08
24576	 5.8389e+08 5.49438e+08	 7.66507e+08 7.24385e+08	 4.25617e+06 4.22885e+06	 5.87938e+08 5.42608e+08	 2.55731e+08 2.15164e+08
25600	 5.81482e+08 5.45836e+08	 7.66507e+08 7.24983e+08	 4.25446e+06 4.229e+06	 5.81432e+08 5.3844e+08	 2.61561e+08 2.37797e+08
26624	 5.77796e+08 5.44228e+08	 7.66507e+08 7.24983e+08	 4.25993e+06 4.23003e+06	 5.78036e+08 5.37135e+08	 2.63189e+08 2.39101e+08
27648	 5.76003e+08 5.43302e+08	 7.66507e+08 7.24983e+08	 4.2542e+06 4.22866e+06	 5.83619e+08 5.36282e+08	 2.72642e+08 2.26606e+08
28672	 5.74853e+08 5.3822e+08	 7.66507e+08 7.24983e+08	 4.25468e+06 4.22781e+06	 5.86979e+08 5.30351e+08	 2.85709e+08 2.3224e+08
29696	 5.74853e+08 5.36452e+08	 7.66507e+08 7.24983e+08	 4.25452e+06 4.22811e+06	 5.79254e+08 5.2874e+08	 2.84448e+08 2.41651e+08
30720	 5.72752e+08 5.4038e+08	 7.66507e+08 7.24983e+08	 4.25436e+06 4.22865e+06	 5.77718e+08 5.33877e+08	 2.72952e+08 2.35535e+08
31744	 5.72733e+08 5.44807e+08	 7.66507e+08 7.24983e+08	 4.25484e+06 4.22785e+06	 5.80843e+08 5.36802e+08	 2.62706e+08 2.35834e+08
32768	 5.79694e+08 5.42118e+08	 7.66507e+08 7.24983e+08	 4.2563e+06 4.22751e+06	 5.92366e+08 5.37829e+08	 2.65331e+08 2.3632e+08
33792	 5.75453e+08 5.41316e+08	 7.66507e+08 7.24983e+08	 4.25647e+06 4.22873e+06	 5.83789e+08 5.35651e+08	 3.01945e+08 2.52365e+08
34816	 5.77348e+08 5.40976e+08	 7.66507e+08 7.24983e+08	 4.25615e+06 4.22765e+06	 5.87071e+08 5.36495e+08	 2.96992e+08 2.50749e+08
35840	 5.74413e+08 5.39617e+08	 7.66507e+08 7.24983e+08	 4.25705e+06 4.22911e+06	 5.82463e+08 5.35507e+08	 2.97726e+08 2.52057e+08
36864	 5.77744e+08 5.39755e+08	 7.66507e+08 7.24983e+08	 4.25527e+06 4.22699e+06	 5.91735e+08 5.36524e+08	 3.02682e+08 2.58653e+08
37888	 5.77658e+08 5.40687e+08	 7.66507e+08 7.24983e+08	 4.25561e+06 4.22898e+06	 5.76954e+08 5.36743e+08	 3.15222e+08 2.66955e+08
38912	 5.73713e+08 5.35886e+08	 7.66507e+08 7.25049e+08	 4.25633e+06 4.22755e+06	 5.80014e+08 5.3282e+08	 3.2125e+08 2.65795e+08
39936	 5.6797e+08 5.32089e+08	 7.66507e+08 7.25105e+08	 4.25607e+06 4.22668e+06	 5.631e+08 5.28813e+08	 3.33932e+08 2.78791e+08
40960	 5.70409e+08 5.33558e+08	 7.66507e+08 7.25105e+08	 4.25705e+06 4.22791e+06	 5.68751e+08 5.30493e+08	 3.26216e+08 2.75758e+08
41984	 5.70535e+08 5.35818e+08	 7.66507e+08 7.25105e+08	 4.25772e+06 4.22832e+06	 5.74062e+08 5.32188e+08	 3.33805e+08 2.75063e+08
43008	 5.68514e+08 5.38057e+08	 7.66507e+08 7.25105e+08	 4.24898e+06 4.22619e+06	 5.82215e+08 5.36264e+08	 3.34037e+08 2.77062e+08
44032	 5.69539e+08 5.33317e+08	 7.66507e+08 7.25105e+08	 4.26105e+06 4.22839e+06	 5.75157e+08 5.32486e+08	 3.24207e+08 2.84242e+08
45056	 5.73589e+08 5.35905e+08	 7.66507e+08 7.25105e+08	 4.25574e+06 4.22767e+06	 5.86302e+08 5.34982e+08	 3.31787e+08 2.77053e+08
46080	 5.66108e+08 5.3232e+08	 7.66507e+08 7.25105e+08	 4.2539e+06 4.22779e+06	 5.80604e+08 5.31291e+08	 3.27645e+08 2.78029e+08
47104	 5.58991e+08 5.2658e+08	 7.66507e+08 7.25105e+08	 4.25262e+06 4.22819e+06	 5.65301e+08 5.25723e+08	 3.29902e+08 2.83885e+08
48128	 5.5965e+08 5.22126e+08	 7.66507e+08 7.25105e+08	 4.25425e+06 4.2281e+06	 5.73117e+08 5.21238e+08	 3.42282e+08 2.84232e+08
49152	 5.56736e+08 5.23098e+08	 7.66507e+08 7.25105e+08	 4.25658e+06 4.22717e+06	 5.67889e+08 5.2243e+08	 3.38211e+08 2.79168e+08
50176	 5.62771e+08 5.25881e+08	 7.66507e+08 7.25105e+08	 4.25588e+06 4.22867e+06	 5.75132e+08 5.25067e+08	 3.33792e+08 2.80401e+08
51200	 5.70305e+08 5.26443e+08	 7.66507e+08 7.25105e+08	 4.25518e+06 4.22648e+06	 5.80135e+08 5.24401e+08	 3.28634e+08 2.8069e+08
52224	 5.5932e+08 5.23265e+08	 7.66507e+08 7.25105e+08	 4.25529e+06 4.22864e+06	 5.68684e+08 5.23232e+08	 3.36612e+08 2.88719e+08
53248	 5.58589e+08 5.20045e+08	 7.66507e+08 7.25105e+08	 4.25633e+06 4.22846e+06	 5.72698e+08 5.19987e+08	 3.42575e+08 2.92753e+08
54272	 5.46554e+08 5.12875e+08	 7.66507e+08 7.25105e+08	 4.25388e+06 4.22685e+06	 5.55975e+08 5.12564e+08	 3.45662e+08 2.96538e+08
55296	 5.51054e+08 5.14883e+08	 7.66507e+08 7.25105e+08	 4.25454e+06 4.22671e+06	 5.64792e+08 5.153e+08	 3.47357e+08 2.89447e+08
56320	 5.49811e+08 5.08361e+08	 7.66507e+08 7.25105e+08	 4.26777e+06 4.2273e+06	 5.50161e+08 5.05846e+08	 3.53837e+08 3.00844e+08
57344	 5.47063e+08 5.06799e+08	 7.66507e+08 7.25105e+08	 4.25636e+06 4.22575e+06	 5.46105e+08 5.02931e+08	 3.52429e+08 3.01562e+08
58368	 5.26306e+08 4.88665e+08	 7.66507e+08 7.25105e+08	 4.26058e+06 4.22512e+06	 5.28851e+08 4.84939e+08	 3.74307e+08 3.15045e+08
59392	 5.26944e+08 4.88005e+08	 7.66507e+08 7.25105e+08	 4.26902e+06 4.22584e+06	 5.28584e+08 4.82264e+08	 3.735e+08 3.10076e+08
60416	 5.22959e+08 4.81836e+08	 7.66507e+08 7.25105e+08	 4.2697e+06 4.22537e+06	 5.23758e+08 4.74637e+08	 3.81208e+08 3.18603e+08
61440	 5.108e+08 4.72104e+08	 7.66507e+08 7.25105e+08	 4.26452e+06 4.22482e+06	 5.17915e+08 4.65428e+08	 3.90551e+08 3.27812e+08
62464	 5.09658e+08 4.6986e+08	 7.66507e+08 7.25105e+08	 4.26529e+06 4.2248e+06	 5.1529e+08 4.63177e+08	 3.93707e+08 3.30063e+08
63488	 5.07306e+08 4.63459e+08	 7.66507e+08 7.25105e+08	 4.27071e+06 4.22448e+06	 5.12629e+08 4.5389e+08	 4.05003e+08 3.39351e+08
64512	 5.07306e+08 4.63459e+08	 7.66507e+08 7.25105e+08	 4.27071e+06 4.22448e+06	 5.12629e+08 4.53895e+08	 4.04971e+08 3.39345e+08
65536	 5.07306e+08 4.63459e+08	 7.66507e+08 7.25105e+08	 4.27071e+06 4.22448e+06	 5.12629e+08 4.53908e+08	 4.04971e+08 3.39332e+08
66560	 5.07306e+08 4.63459e+08	 7.66507e+08 7.25105e+08	 4.27071e+06 4.22448e+06	 5.12629e+08 4.5391e+08	 4.04972e+08 3.3933e+08
67584	 5.07306e+08 4.63459e+08	 7.66507e+08 7.25105e+08	 4.27071e+06 4.22448e+06	 5.12629e+08 4.54006e+08	 4.04939e+08 3.39234e+08
68608	 5.07306e+08 4.63459e+08	 7.66507e+08 7.25105e+08	 4.27071e+06 4.22448e+06	 5.12629e+08 4.5405e+08	 4.04939e+08 3.3919e+08
69632	 5.07306e+08 4.63459e+08	 7.66507e+08 7.25105e+08	 4.27071e+06 4.22448e+06	 5.12629e+08 4.54052e+08	 4.04939e+08 3.39189e+08
70656	 5.07306e+08 4.63459e+08	 7.66507e+08 7.25105e+08	 4.27071e+06 4.22448e+06	 5.12629e+08 4.5406e+08	 4.04906e+08 3.3918e+08
71680	 5.07306e+08 4.63459e+08	 7.66507e+08 7.25105e+08	 4.27071e+06 4.22448e+06	 5.12629e+08 4.54061e+08	 4.04906e+08 3.39179e+08
72704	 5.07306e+08 4.63459e+08	 7.66507e+08 7.25105e+08	 4.27071e+06 4.22448e+06	 5.12629e+08 4.54085e+08	 4.04873e+08 3.39155e+08
73728	 5.07306e+08 4.63459e+08	 7.66507e+08 7.25105e+08	 4.27071e+06 4.22448e+06	 5.12629e+08 4.54086e+08	 4.04873e+08 3.39154e+08
74752	 5.07306e+08 4.63459e+08	 7.66507e+08 7.25105e+08	 4.27071e+06 4.22448e+06	 5.12629e+08 4.54087e+08	 4.04873e+08 3.39153e+08
75776	 5.07306e+08 4.63459e+08	 7.66507e+08 7.25105e+08	 4.27071e+06 4.22448e+06	 5.12629e+08 4.54089e+08	 4.0484e+08 3.39151e+08
76800	 5.07306e+08 4.63459e+08	 7.66507e+08 7.25105e+08	 4.27071e+06 4.22448e+06	 5.12629e+08 4.5409e+08	 4.0484e+08 3.39151e+08
77824	 5.07306e+08 4.63459e+08	 7.66507e+08 7.25105e+08	 4.27071e+06 4.22448e+06	 5.12629e+08 4.54091e+08	 4.0484e+08 3.3915e+08
78848	 5.07306e+08 4.63459e+08	 7.66507e+08 7.25105e+08	 4.27071e+06 4.22448e+06	 5.12629e+08 4.54091e+08	 4.04807e+08 3.39149e+08
79872	 5.07306e+08 4.63459e+08	 7.66507e+08 7.25105e+08	 4.27071e+06 4.22448e+06	 5.12629e+08 4.54095e+08	 4.04807e+08 3.39146e+08
80896	 5.07306e+08 4.63459e+08	 7.66507e+08 7.25105e+08	 4.27071e+06 4.22448e+06	 5.12629e+08 4.54123e+08	 4.04774e+08 3.39117e+08
81920	 5.07306e+08 4.63459e+08	 7.66507e+08 7.25105e+08	 4.27071e+06 4.22448e+06	 5.12629e+08 4.54125e+08	 4.04774e+08 3.39116e+08
82944	 5.07306e+08 4.63459e+08	 7.66507e+08 7.25105e+08	 4.27071e+06 4.22448e+06	 5.12629e+08 4.54128e+08	 4.04774e+08 3.39112e+08
83968	 5.07306e+08 4.63459e+08	 7.66507e+08 7.25105e+08	 4.27071e+06 4.22448e+06	 5.12629e+08 4.54164e+08	 4.04741e+08 3.39076e+08
84992	 5.07306e+08 4.63459e+08	 7.66507e+08 7.25105e+08	 4.27071e+06 4.22448e+06	 5.12629e+08 4.54165e+08	 4.04741e+08 3.39075e+08
86016	 5.07306e+08 4.63459e+08	 7.66507e+08 7.25105e+08	 4.27071e+06 4.22448e+06	 5.12629e+08 4.54166e+08	 4.04741e+08 3.39075e+08
87040	 5.07306e+08 4.63459e+08	 7.66507e+08 7.25105e+08	 4.27071e+06 4.22448e+06	 5.12629e+08 4.54167e+08	 4.04708e+08 3.39074e+08
88064	 5.07306e+08 4.63459e+08	 7.66507e+08 7.25105e+08	 4.27071e+06 4.22448e+06	 5.12629e+08 4.54167e+08	 4.04708e+08 3.39073e+08
89088	 5.07306e+08 4.63459e+08	 7.66507e+08 7.25105e+08	 4.27071e+06 4.22448e+06	 5.12629e+08 4.54168e+08	 4.04675e+08 3.39072e+08
90112	 5.07306e+08 4.63459e+08	 7.66507e+08 7.25105e+08	 4.27071e+06 4.22448e+06	 5.12629e+08 4.54169e+08	 4.04675e+08 3.39071e+08
91136	 5.07306e+08 4.63459e+08	 7.66507e+08 7.25105e+08	 4.27071e+06 4.22448e+06	 5.12629e+08 4.54171e+08	 4.04675e+08 3.3907e+08
92160	 5.07306e+08 4.63459e+08	 7.66507e+08 7.25105e+08	 4.27071e+06 4.22448e+06	 5.12629e+08 4.54229e+08	 4.04642e+08 3.39012e+08
93184	 5.07306e+08 4.63459e+08	 7.66507e+08 7.25105e+08	 4.27071e+06 4.22448e+06	 5.12629e+08 4.54229e+08	 4.04642e+08 3.39011e+08
94208	 5.07306e+08 4.63459e+08	 7.66507e+08 7.25105e+08	 4.27071e+06 4.22448e+06	 5.12629e+08 4.54232e+08	 4.04642e+08 3.39009e+08
95232	 5.07306e+08 4.63459e+08	 7.66507e+08 7.25105e+08	 4.27071e+06 4.22448e+06	 5.12629e+08 4.54232e+08	 4.04609e+08 3.39008e+08
96256	 5.07306e+08 4.63459e+08	 7.66507e+08 7.25105e+08	 4.27071e+06 4.22448e+06	 5.12629e+08 4.54233e+08	 4.04609e+08 3.39007e+08
97280	 5.07306e+08 4.63459e+08	 7.66507e+08 7.25105e+08	 4.27071e+06 4.22448e+06	 5.12629e+08 4.54234e+08	 4.04576e+08 3.39006e+08
98304	 5.07306e+08 4.63459e+08	 7.66507e+08 7.25105e+08	 4.27071e+06 4.22448e+06	 5.12629e+08 4.54238e+08	 4.04576e+08 3.39002e+08
99328	 5.07306e+08 4.63459e+08	 7.66507e+08 7.25105e+08	 4.27071e+06 4.22448e+06	 5.12629e+08 4.54239e+08	 4.04576e+08 3.39001e+08
100352	 5.07306e+08 4.63459e+08	 7.66507e+08 7.25105e+08	 4.27071e+06 4.22448e+06	 5.12629e+08 4.54241e+08	 4.04543e+08 3.38999e+08
101376	 5.07306e+08 4.63459e+08	 7.66507e+08 7.25105e+08	 4.27071e+06 4.22448e+06	 5.12629e+08 4.54271e+08	 4.04543e+08 3.38969e+08
102400	 5.07306e+08 4.63459e+08	 7.66507e+08 7.25105e+08	 4.27071e+06 4.22448e+06	 5.12629e+08 4.54272e+08	 4.04543e+08 3.38968e+08
103424	 5.07306e+08 4.63459e+08	 7.66507e+08 7.25105e+08	 4.27071e+06 4.22448e+06	 5.12629e+08 4.54281e+08	 4.0451e+08 3.38959e+08
104448	 5.07306e+08 4.63459e+08	 7.66507e+08 7.25105e+08	 4.27071e+06 4.22448e+06	 5.12629e+08 4.54281e+08	 4.0451e+08 3.38959e+08
105472	 5.07306e+08 4.63459e+08	 7.66507e+08 7.25105e+08	 4.27071e+06 4.22448e+06	 5.12629e+08 4.54282e+08	 4.04477e+08 3.38958e+08
106496	 5.07306e+08 4.63459e+08	 7.66507e+08 7.25105e+08	 4.27071e+06 4.22448e+06	 5.12629e+08 4.54338e+08	 4.04477e+08 3.38902e+08
107520	 5.07306e+08 4.63459e+08	 7.66507e+08 7.25105e+08	 4.27071e+06 4.22448e+06	 5.12629e+08 4.54339e+08	 4.04477e+08 3.38901e+08
108544	 5.07306e+08 4.63459e+08	 7.66507e+08 7.25105e+08	 4.27071e+06 4.22448e+06	 5.12629e+08 4.5434e+08	 4.04444e+08 3.389e+08
109568	 5.07306e+08 4.63459e+08	 7.66507e+08 7.25105e+08	 4.27071e+06 4.22448e+06	 5.12629e+08 4.54341e+08	 4.04444e+08 3.389e+08
110592	 5.07306e+08 4.63459e+08	 7.66507e+08 7.25105e+08	 4.27071e+06 4.22448e+06	 5.12629e+08 4.54341e+08	 4.04444e+08 3.38899e+08
111616	 5.07306e+08 4.63459e+08	 7.66507e+08 7.25105e+08	 4.27071e+06 4.22448e+06	 5.12629e+08 4.54387e+08	 4.04411e+08 3.38853e+08
112640	 5.07306e+08 4.63459e+08	 7.66507e+08 7.25105e+08	 4.27071e+06 4.22448e+06	 5.12629e+08 4.54391e+08	 4.04411e+08 3.38849e+08
113664	 5.07306e+08 4.63459e+08	 7.66507e+08 7.25105e+08	 4.27071e+06 4.22448e+06	 5.12629e+08 4.54392e+08	 4.04378e+08 3.38849e+08
114688	 5.07306e+08 4.63459e+08	 7.66507e+08 7.25105e+08	 4.27071e+06 4.22448e+06	 5.12629e+08 4.54392e+08	 4.04378e+08 3.38848e+08
115712	 5.07306e+08 4.63459e+08	 7.66507e+08 7.25105e+08	 4.27071e+06 4.22448e+06	 5.12629e+08 4.54393e+08	 4.04378e+08 3.38847e+08
116736	 5.07306e+08 4.63459e+08	 7.66507e+08 7.25105e+08	 4.27071e+06 4.22448e+06	 5.12629e+08 4.54395e+08	 4.04346e+08 3.38846e+08
117760	 5.07306e+08 4.63459e+08	 7.66507e+08 7.25105e+08	 4.27071e+06 4.22448e+06	 5.12629e+08 4.54395e+08	 4.04346e+08 3.38845e+08
118784	 5.07306e+08 4.63459e+08	 7.66507e+08 7.25105e+08	 4.27071e+06 4.22448e+06	 5.12629e+08 4.54396e+08	 4.04346e+08 3.38844e+08
119808	 5.07306e+08 4.63459e+08	 7.66507e+08 7.25105e+08	 4.27071e+06 4.22448e+06	 5.12629e+08 4.54427e+08	 4.04312e+08 3.38813e+08
120832	 5.07306e+08 4.63459e+08	 7.66507e+08 7.25105e+08	 4.27071e+06 4.22448e+06	 5.1263e+08 4.54427e+08	 4.04312e+08 3.38813e+08
121856	 5.07306e+08 4.63459e+08	 7.66507e+08 7.25105e+08	 4.27071e+06 4.22448e+06	 5.1263e+08 4.54428e+08	 4.0428e+08 3.38812e+08
122880	 5.07306e+08 4.63459e+08	 7.66507e+08 7.25105e+08	 4.27071e+06 4.22448e+06	 5.1263e+08 4.54429e+08	 4.0428e+08 3.38811e+08
123904	 5.07306e+08 4.63459e+08	 7.66507e+08 7.25105e+08	 4.27071e+06 4.22448e+06	 5.1263e+08 4.5443e+08	 4.0428e+08 3.3881e+08
124928	 5.07306e+08 4.63459e+08	 7.66507e+08 7.25105e+08	 4.27071e+06 4.22448e+06	 5.1263e+08 4.54432e+08	 4.04247e+08 3.38809e+08
125952	 5.07306e+08 4.63459e+08	 7.66507e+08 7.25105e+08	 4.27071e+06 4.22448e+06	 5.1263e+08 4.54433e+08	 4.04247e+08 3.38807e+08
126976	 5.07306e+08 4.63459e+08	 7.66507e+08 7.25105e+08	 4.27071e+06 4.22448e+06	 5.1263e+08 4.54434e+08	 4.04247e+08 3.38806e+08
128000	 5.07306e+08 4.63459e+08	 7.66507e+08 7.25105e+08	 4.27071e+06 4.22448e+06	 5.1263e+08 4.54435e+08	 4.04214e+08 3.38805e+08
129024	 5.07306e+08 4.63459e+08	 7.66507e+08 7.25105e+08	 4.27071e+06 4.22448e+06	 5.1263e+08 4.54435e+08	 4.04214e+08 3.38805e+08
130048	 5.07306e+08 4.63459e+08	 7.66507e+08 7.25105e+08	 4.27071e+06 4.22448e+06	 5.1263e+08 4.54436e+08	 4.04181e+08 3.38804e+08
131072	 5.07306e+08 4.63459e+08	 7.66507e+08 7.25105e+08	 4.27071e+06 4.22448e+06	 5.1263e+08 4.54437e+08	 4.04181e+08 3.38803e+08
132096	 5.07306e+08 4.63459e+08	 7.66507e+08 7.25105e+08	 4.27071e+06 4.22448e+06	 5.1263e+08 4.54438e+08	 4.04181e+08 3.38802e+08
133120	 5.07306e+08 4.63459e+08	 7.66507e+08 7.25105e+08	 4.27071e+06 4.22448e+06	 5.1263e+08 4.5444e+08	 4.04148e+08 3.388e+08
134144	 5.07306e+08 4.63459e+08	 7.66507e+08 7.25105e+08	 4.27071e+06 4.22448e+06	 5.1263e+08 4.5444e+08	 4.04148e+08 3.388e+08
135168	 5.07306e+08 4.63459e+08	 7.66507e+08 7.25105e+08	 4.27071e+06 4.22448e+06	 5.1263e+08 4.54441e+08	 4.04148e+08 3.38799e+08
136192	 5.07306e+08 4.63459e+08	 7.66507e+08 7.25105e+08	 4.27071e+06 4.22448e+06	 5.1263e+08 4.5447e+08	 4.04115e+08 3.3877e+08
137216	 5.07306e+08 4.63459e+08	 7.66507e+08 7.25105e+08	 4.27071e+06 4.22448e+06	 5.1263e+08 4.54471e+08	 4.04115e+08 3.38769e+08
138240	 5.07306e+08 4.63459e+08	 7.66507e+08 7.25105e+08	 4.27071e+06 4.22448e+06	 5.1263e+08 4.54472e+08	 4.04082e+08 3.38768e+08
139264	 5.07306e+08 4.63459e+08	 7.66507e+08 7.25105e+08	 4.27071e+06 4.22448e+06	 5.1263e+08 4.54473e+08	 4.04082e+08 3.38767e+08
140288	 5.07306e+08 4.63459e+08	 7.66507e+08 7.25105e+08	 4.27071e+06 4.22448e+06	 5.1263e+08 4.54476e+08	 4.04082e+08 3.38765e+08
141312	 5.07306e+08 4.63459e+08	 7.66507e+08 7.25105e+08	 4.27071e+06 4.22448e+06	 5.1263e+08 4.54507e+08	 4.04049e+08 3.38733e+08
142336	 5.07306e+08 4.63459e+08	 7.66507e+08 7.25105e+08	 4.27071e+06 4.22448e+06	 5.1263e+08 4.54508e+08	 4.04049e+08 3.38732e+08
143360	 5.07306e+08 4.63459e+08	 7.66507e+08 7.25105e+08	 4.27071e+06 4.22448e+06	 5.1263e+08 4.54509e+08	 4.04049e+08 3.38731e+08
144384	 5.07306e+08 4.63459e+08	 7.66507e+08 7.25105e+08	 4.27071e+06 4.22448e+06	 5.1263e+08 4.5451e+08	 4.04016e+08 3.3873e+08
145408	 5.07306e+08 4.63459e+08	 7.66507e+08 7.25105e+08	 4.27071e+06 4.22448e+06	 5.1263e+08 4.54512e+08	 4.04016e+08 3.38728e+08
146432	 5.07306e+08 4.63459e+08	 7.66507e+08 7.25105e+08	 4.27071e+06 4.22448e+06	 5.1263e+08 4.54513e+08	 4.03983e+08 3.38727e+08
147456	 5.07306e+08 4.63459e+08	 7.66507e+08 7.25105e+08	 4.27071e+06 4.22448e+06	 5.1263e+08 4.54514e+08	 4.03983e+08 3.38726e+08
148480	 5.07306e+08 4.63459e+08	 7.66507e+08 7.25105e+08	 4.27071e+06 4.22448e+06	 5.1263e+08 4.54542e+08	 4.03983e+08 3.38699e+08
149504	 5.07306e+08 4.63459e+08	 7.66507e+08 7.25105e+08	 4.27071e+06 4.22448e+06	 5.1263e+08 4.54547e+08	 4.0395e+08 3.38693e+08
150528	 5.07306e+08 4.63459e+08	 7.66507e+08 7.25105e+08	 4.27071e+06 4.22448e+06	 5.1263e+08 4.54575e+08	 4.0395e+08 3.38665e+08
151552	 5.07306e+08 4.63459e+08	 7.66507e+08 7.25105e+08	 4.27071e+06 4.22448e+06	 5.1263e+08 4.54576e+08	 4.0395e+08 3.38664e+08
152576	 5.07306e+08 4.63459e+08	 7.66507e+08 7.25105e+08	 4.27071e+06 4.22448e+06	 5.1263e+08 4.5458e+08	 4.03917e+08 3.3866e+08
153600	 5.07306e+08 4.63459e+08	 7.66507e+08 7.25105e+08	 4.27071e+06 4.22448e+06	 5.1263e+08 4.54587e+08	 4.03917e+08 3.38653e+08
