# Running on 36 processes
#
# iteration   maxtotalbytes avgtotalbytes   maxmaxbytes avgm avgfreebytes
0	 5.91139e+08 5.51613e+08	 5.94491e+08 5.54738e+08	 2.60142e+06 2.57747e+06	 6.067e+07 4.63604e+07	 3.96675e+07 3.85328e+07
1024	 5.83116e+08 5.47009e+08	 6.61125e+08 6.17618e+08	 2.60214e+06 2.57973e+06	 3.33491e+08 3.02585e+08	 1.5072e+08 7.0734e+07
2048	 5.86323e+08 5.51013e+08	 6.61125e+08 6.17984e+08	 2.60257e+06 2.58093e+06	 3.39089e+08 3.09426e+08	 1.20218e+08 7.49442e+07
3072	 5.83777e+08 5.49508e+08	 6.61125e+08 6.19413e+08	 2.60274e+06 2.58128e+06	 3.34425e+08 3.08576e+08	 1.47342e+08 9.49152e+07
4096	 5.91212e+08 5.49139e+08	 6.62271e+08 6.21801e+08	 2.60338e+06 2.58114e+06	 3.34408e+08 3.05676e+08	 1.53228e+08 1.0366e+08
5120	 5.88049e+08 5.51812e+08	 6.62271e+08 6.2717e+08	 2.60298e+06 2.58023e+06	 3.39908e+08 3.10867e+08	 1.57524e+08 1.0753e+08
6144	 6.03438e+08 5.54168e+08	 7.84519e+08 7.1861e+08	 2.6029e+06 2.58098e+06	 5.52181e+08 5.16421e+08	 1.37132e+08 1.03403e+08
7168	 5.97107e+08 5.53816e+08	 7.84519e+08 7.1861e+08	 2.60294e+06 2.58193e+06	 5.46476e+08 5.16824e+08	 1.84027e+08 1.21419e+08
8192	 6.07777e+08 5.55719e+08	 7.84519e+08 7.22613e+08	 2.60382e+06 2.57975e+06	 5.56625e+08 5.19301e+08	 2.18594e+08 1.97858e+08
9216	 6.03283e+08 5.55477e+08	 7.84519e+08 7.23819e+08	 2.60279e+06 2.58064e+06	 5.53138e+08 5.17777e+08	 2.26873e+08 1.65405e+08
10240	 5.8948e+08 5.50631e+08	 7.84519e+08 7.23819e+08	 2.60359e+06 2.5812e+06	 5.49544e+08 5.1192e+08	 2.30114e+08 1.76367e+08
11264	 5.96013e+08 5.49215e+08	 7.84519e+08 7.23819e+08	 2.60367e+06 2.58153e+06	 5.46019e+08 5.11076e+08	 2.39665e+08 1.77428e+08
12288	 5.94915e+08 5.54613e+08	 7.84519e+08 7.23819e+08	 2.60239e+06 2.58074e+06	 5.52133e+08 5.17545e+08	 2.3616e+08 1.67492e+08
13312	 6.12613e+08 5.57538e+08	 7.84519e+08 7.25539e+08	 2.59767e+06 2.57957e+06	 5.64429e+08 5.21151e+08	 2.37319e+08 2.0646e+08
14336	 5.99754e+08 5.51516e+08	 7.84519e+08 7.25539e+08	 2.60188e+06 2.58113e+06	 5.53221e+08 5.15033e+08	 2.56627e+08 2.13625e+08
15360	 5.954e+08 5.51933e+08	 7.84519e+08 7.26496e+08	 2.60172e+06 2.58126e+06	 5.44561e+08 5.14871e+08	 2.5021e+08 2.09561e+08
16384	 5.9763e+08 5.52597e+08	 7.84519e+08 7.26496e+08	 2.59675e+06 2.58002e+06	 5.45835e+08 5.15857e+08	 2.52378e+08 2.07769e+08
17408	 5.92781e+08 5.52245e+08	 7.84519e+08 7.27529e+08	 2.59439e+06 2.58056e+06	 5.43008e+08 5.17156e+08	 2.5115e+08 2.23623e+08
18432	 5.85832e+08 5.48466e+08	 7.84519e+08 7.29401e+08	 2.60305e+06 2.58049e+06	 5.47865e+08 5.11347e+08	 2.79299e+08 2.24573e+08
19456	 5.82622e+08 5.42122e+08	 7.84519e+08 7.29403e+08	 2.60273e+06 2.57921e+06	 5.49078e+08 5.07118e+08	 2.58365e+08 2.29579e+08
20480	 5.87175e+08 5.47069e+08	 7.84519e+08 7.29411e+08	 2.60273e+06 2.57958e+06	 5.47595e+08 5.12578e+08	 2.5783e+08 2.2983e+08
21504	 5.89296e+08 5.4536e+08	 7.84519e+08 7.29583e+08	 2.60322e+06 2.58108e+06	 5.38187e+08 5.10987e+08	 2.57728e+08 2.36059e+08
22528	 5.96325e+08 5.44606e+08	 7.84519e+08 7.29583e+08	 2.60316e+06 2.58091e+06	 5.43822e+08 5.0683e+08	 2.63363e+08 2.3877e+08
23552	 5.96609e+08 5.45511e+08	 7.84519e+08 7.29583e+08	 2.60252e+06 2.58088e+06	 5.43192e+08 5.07408e+08	 2.63615e+08 2.35655e+08
24576	 5.89426e+08 5.42384e+08	 7.84519e+08 7.29583e+08	 2.6034e+06 2.58077e+06	 5.40067e+08 5.06014e+08	 2.72419e+08 2.36667e+08
25600	 5.89972e+08 5.42584e+08	 7.84519e+08 7.29583e+08	 2.60366e+06 2.58047e+06	 5.39559e+08 5.05615e+08	 2.78814e+08 2.44253e+08
26624	 5.81489e+08 5.34903e+08	 7.84519e+08 7.29583e+08	 2.60276e+06 2.58013e+06	 5.31477e+08 4.96028e+08	 2.98531e+08 2.50278e+08
27648	 5.8321e+08 5.39329e+08	 7.84519e+08 7.29583e+08	 2.60198e+06 2.58002e+06	 5.35116e+08 5.0299e+08	 2.80906e+08 2.44989e+08
28672	 5.97107e+08 5.40809e+08	 7.84519e+08 7.29583e+08	 2.60015e+06 2.57972e+06	 5.4743e+08 5.0362e+08	 2.84681e+08 2.49674e+08
29696	 5.90777e+08 5.39932e+08	 7.84519e+08 7.29583e+08	 2.60258e+06 2.58005e+06	 5.39024e+08 5.02322e+08	 2.81553e+08 2.50816e+08
30720	 5.78685e+08 5.36182e+08	 7.84519e+08 7.29583e+08	 2.60274e+06 2.57959e+06	 5.2939e+08 4.99841e+08	 2.93383e+08 2.53793e+08
31744	 5.69208e+08 5.2814e+08	 7.84519e+08 7.29583e+08	 2.60561e+06 2.57978e+06	 5.33665e+08 4.91379e+08	 3.28044e+08 2.53219e+08
32768	 5.67755e+08 5.30096e+08	 7.84519e+08 7.29583e+08	 2.60452e+06 2.5798e+06	 5.32707e+08 4.93723e+08	 3.2285e+08 2.46124e+08
33792	 5.76706e+08 5.30718e+08	 7.84519e+08 7.29583e+08	 2.60322e+06 2.57944e+06	 5.31273e+08 4.93907e+08	 2.87291e+08 2.51683e+08
34816	 5.77984e+08 5.27055e+08	 7.84519e+08 7.29583e+08	 2.60324e+06 2.57978e+06	 5.28905e+08 4.89399e+08	 2.89472e+08 2.51687e+08
35840	 5.61181e+08 5.18417e+08	 7.84519e+08 7.29583e+08	 2.6034e+06 2.57987e+06	 5.09421e+08 4.79728e+08	 2.98192e+08 2.53232e+08
36864	 5.56631e+08 5.17134e+08	 7.84519e+08 7.29583e+08	 2.60306e+06 2.57922e+06	 5.07914e+08 4.79307e+08	 3.00232e+08 2.54722e+08
37888	 5.52975e+08 5.10309e+08	 7.84519e+08 7.29583e+08	 2.60338e+06 2.57967e+06	 5.03567e+08 4.7028e+08	 3.19321e+08 2.55451e+08
38912	 5.33352e+08 4.96972e+08	 7.84519e+08 7.29583e+08	 2.6045e+06 2.57719e+06	 4.94274e+08 4.59097e+08	 3.36947e+08 2.6723e+08
39936	 5.34473e+08 4.92046e+08	 7.84519e+08 7.29583e+08	 2.60433e+06 2.57892e+06	 4.81267e+08 4.52646e+08	 3.25998e+08 2.73682e+08
40960	 5.17645e+08 4.69388e+08	 7.84519e+08 7.29583e+08	 2.60505e+06 2.57983e+06	 4.6192e+08 4.26036e+08	 3.61546e+08 2.67255e+08
41984	 5.16009e+08 4.67413e+08	 7.84519e+08 7.29583e+08	 2.60489e+06 2.57972e+06	 4.60235e+08 4.23903e+08	 3.63318e+08 2.69388e+08
43008	 4.94484e+08 4.60406e+08	 7.84519e+08 7.29583e+08	 2.60617e+06 2.57817e+06	 4.50107e+08 4.19439e+08	 3.60382e+08 2.73852e+08
44032	 4.94484e+08 4.60406e+08	 7.84519e+08 7.29583e+08	 2.60617e+06 2.57817e+06	 4.50107e+08 4.19439e+08	 3.60382e+08 2.73852e+08
45056	 4.94484e+08 4.60406e+08	 7.84519e+08 7.29583e+08	 2.60617e+06 2.57817e+06	 4.50109e+08 4.19439e+08	 3.60382e+08 2.73852e+08
46080	 4.94484e+08 4.60406e+08	 7.84519e+08 7.29583e+08	 2.60617e+06 2.57817e+06	 4.50109e+08 4.19439e+08	 3.60382e+08 2.73851e+08
47104	 4.94484e+08 4.60406e+08	 7.84519e+08 7.29583e+08	 2.60617e+06 2.57817e+06	 4.50109e+08 4.19439e+08	 3.60382e+08 2.73851e+08
48128	 4.94484e+08 4.60406e+08	 7.84519e+08 7.29583e+08	 2.60617e+06 2.57817e+06	 4.50109e+08 4.19439e+08	 3.60382e+08 2.73851e+08
49152	 4.94484e+08 4.60406e+08	 7.84519e+08 7.29583e+08	 2.60617e+06 2.57817e+06	 4.50109e+08 4.19439e+08	 3.60382e+08 2.73851e+08
50176	 4.94484e+08 4.60406e+08	 7.84519e+08 7.29583e+08	 2.60617e+06 2.57817e+06	 4.50109e+08 4.19457e+08	 3.60382e+08 2.73834e+08
51200	 4.94484e+08 4.60406e+08	 7.84519e+08 7.29583e+08	 2.60617e+06 2.57817e+06	 4.50112e+08 4.19457e+08	 3.60382e+08 2.73834e+08
52224	 4.94484e+08 4.60406e+08	 7.84519e+08 7.29583e+08	 2.60617e+06 2.57817e+06	 4.50112e+08 4.19475e+08	 3.60368e+08 2.73815e+08
53248	 4.94484e+08 4.60406e+08	 7.84519e+08 7.29583e+08	 2.60617e+06 2.57817e+06	 4.50112e+08 4.19475e+08	 3.60368e+08 2.73815e+08
54272	 4.94484e+08 4.60406e+08	 7.84519e+08 7.29583e+08	 2.60617e+06 2.57817e+06	 4.50112e+08 4.19475e+08	 3.60368e+08 2.73815e+08
55296	 4.94484e+08 4.60406e+08	 7.84519e+08 7.29583e+08	 2.60617e+06 2.57817e+06	 4.50112e+08 4.19476e+08	 3.60368e+08 2.73815e+08
56320	 4.94484e+08 4.60406e+08	 7.84519e+08 7.29583e+08	 2.60617e+06 2.57817e+06	 4.50112e+08 4.19476e+08	 3.60368e+08 2.73815e+08
57344	 4.94484e+08 4.60406e+08	 7.84519e+08 7.29583e+08	 2.60617e+06 2.57817e+06	 4.50112e+08 4.19477e+08	 3.60362e+08 2.73814e+08
58368	 4.94484e+08 4.60406e+08	 7.84519e+08 7.29583e+08	 2.60617e+06 2.57817e+06	 4.50112e+08 4.19477e+08	 3.60362e+08 2.73814e+08
59392	 4.94484e+08 4.60406e+08	 7.84519e+08 7.29583e+08	 2.60617e+06 2.57817e+06	 4.50112e+08 4.19477e+08	 3.60362e+08 2.73814e+08
60416	 4.94484e+08 4.60406e+08	 7.84519e+08 7.29583e+08	 2.60617e+06 2.57817e+06	 4.50112e+08 4.19477e+08	 3.60362e+08 2.73813e+08
61440	 4.94484e+08 4.60406e+08	 7.84519e+08 7.29583e+08	 2.60617e+06 2.57817e+06	 4.50112e+08 4.19477e+08	 3.60362e+08 2.73813e+08
62464	 4.94484e+08 4.60406e+08	 7.84519e+08 7.29583e+08	 2.60617e+06 2.57817e+06	 4.50117e+08 4.19478e+08	 3.60362e+08 2.73813e+08
63488	 4.94484e+08 4.60406e+08	 7.84519e+08 7.29583e+08	 2.60617e+06 2.57817e+06	 4.50117e+08 4.19478e+08	 3.60362e+08 2.73813e+08
64512	 4.94484e+08 4.60406e+08	 7.84519e+08 7.29583e+08	 2.60617e+06 2.57817e+06	 4.50117e+08 4.19478e+08	 3.60362e+08 2.73813e+08
65536	 4.94484e+08 4.60406e+08	 7.84519e+08 7.29583e+08	 2.60617e+06 2.57817e+06	 4.50117e+08 4.19478e+08	 3.60362e+08 2.73813e+08
66560	 4.94484e+08 4.60406e+08	 7.84519e+08 7.29583e+08	 2.60617e+06 2.57817e+06	 4.50117e+08 4.19478e+08	 3.60362e+08 2.73813e+08
67584	 4.94484e+08 4.60406e+08	 7.84519e+08 7.29583e+08	 2.60617e+06 2.57817e+06	 4.50117e+08 4.19478e+08	 3.60362e+08 2.73813e+08
